1,50,50,10
2,100,50,3
3,150,50,12,2
4,200,50,5,13
5,250,50,4,14
6,300,50,7
7,350,50,6,16,8
8,400,50,7,9
9,450,50,8,18
10,50,100,1,11
11,100,100,10,20
12,150,100,3,21
13,200,100,4,22
14,250,100,5,15
15,300,100,14,24
16,350,100,7,17
17,400,100,16,26
18,450,100,9
19,50,150,20,28
20,100,150,11,19,21
21,150,150,12,20,22,30
22,200,150,13,21
23,250,150,32
24,300,150,15
25,350,150,34
26,400,150,17,27,35
27,450,150,26
28,50,200,19
29,100,200,38
30,150,200,21,31
31,200,200,30,32,40
32,250,200,23,31,33
33,300,200,32,34,42
34,350,200,25,33,35,43
35,400,200,26,34,44
36,450,200,45
37,50,250,38,46
38,100,250,29,37,39
39,150,250,38,40,48
40,200,250,39
41,250,250,50
42,300,250,33
43,350,250,34,52
44,400,250,35,45,53
45,450,250,44,36,54
46,50,300,37
47,100,300,56
48,150,300,39,57
49,200,300,50
50,250,300,41,49,51,59
51,300,300,50,52
52,350,300,43,51,53
53,400,300,44,52,62
54,450,300,45
55,50,350,56
56,100,350,47,55,57,65
57,150,350,48,56,58
58,200,350,57,67
59,250,350,50,68
60,300,350,69
61,350,350,62,70
62,400,350,53,61,63
63,450,350,62,72
64,50,400,73
65,100,400,56,74
66,150,400,67
67,200,400,58,66,68
68,250,400,59,67
69,300,400,60,78
70,350,400,61,71
71,400,400,70,80
72,450,400,63
73,50,450,64,74
74,100,450,65,73,75
75,150,450,74
76,200,450,77
77,250,450,76,78
78,300,450,69,77,79
79,350,450,78,80
80,400,450,71,79,81
81,450,450,80


